Hyperparameters:
	learning_rate: 0.001
	batch_size: 32
	num_epochs: 100
	hidden_dim: 64
	n_layers: 5

Metrics:
	MAE: 0.01888359524309635
	MSE: 0.0024819530081003904
	RMSE: 0.04981920320619741
