Hyperparameters:
	learning_rate: 0.001
	batch_size: 64
	num_epochs: 150
	hidden_dim: 256
	n_layers: 7

Metrics:
	MAE: 0.013116773217916489
	MSE: 0.0017755618318915367
	RMSE: 0.04213741605617906
